101 101000 0.160132 29.1867
201 201000 0.459936 81.8649
301 301000 0.51062 179.531
401 401000 0.803287 306.334
501 501000 1.05031 562.487
601 601000 1.48548 867.367
701 701000 1.50258 1201.45
801 801000 1.88566 1623.35
901 901000 2.16018 2100.14
1001 1001000 2.65684 2644.06
1101 1101000 2.89184 3178.74
1201 1201000 3.466 3809.62
1301 1301000 3.90505 4461.65
1401 1401000 4.15677 5236.2
1501 1501000 4.73138 5938.2
1601 1601000 5.07964 7040.22
1701 1701000 5.66104 7722.95
1801 1801000 6.37638 8694.76
1901 1901000 7.1413 9719.94
2001 2001000 7.46171 10903.9
2101 2101000 8.32016 11952
2201 2201000 9.16571 13199.6
2301 2301000 9.94105 14249.9
2401 2401000 10.4086 15677.8
2501 2501000 11.2165 17106.8
2601 2601000 12.418 18398.5
2701 2701000 12.7483 19871.5
2801 2801000 13.9415 21509.6
2901 2901000 15.0406 22865.5
3001 3001000 15.5477 24712.2
3101 3101000 16.5324 26234.6
3201 3201000 18.1133 28071.5
3301 3301000 25.6634 29850
3401 3401000 20.0912 31699.5
3501 3501000 21.4867 33833.5
3601 3601000 22.8734 36484.7
3701 3701000 25.4105 37707.9
3801 3801000 27.4069 40070.5
3901 3901000 27.2725 43081.2
4001 4001000 28.6221 44746.6
4101 4101000 30.5365 46805.1
4201 4201000 32.5485 49134.2
4301 4301000 33.9044 51481.3
4401 4401000 35.4971 53996.9
4501 4501000 38.301 56432.9
4601 4601000 39.8902 59370.4
4701 4701000 41.1373 62034.3
4801 4801000 43.2881 64793.2
4901 4901000 45.3348 67254.1
5001 5001000 50.0876 70263.4
