1 0 0.0014 0.0012
101 1020 0.0211 0.1556
201 4040 0.0789 1.5144
301 9060 0.1375 4.7051
401 16080 0.2243 11.268
501 25100 0.3375 22.7912
601 36120 0.4795 38.2309
701 49140 0.6245 61.0048
801 64160 0.90805 97.2685
901 81180 1.11702 140.727
1001 100200 1.38277 188.598
1101 121220 1.56466 248.529
1201 144240 1.78112 317.728
1301 169260 2.2148 419.77
1401 196280 2.70809 527.973
1501 225300 3.13544 610.602
1601 256320 3.42389 714.222
1701 289340 4.1646 1125.59
1801 324360 5.17487 1653.9
1901 361380 5.15924 1679.67
2001 400400 5.48815 1724
2101 441420 5.913 2101.88
2201 484440 8.26172 2601.52
2301 529460 7.27286 2888.56
2401 576480 8.1928 3320.98
2501 625500 9.18188 4360.8
2601 676520 8.92653 4277.65
2701 729540 10.5567 6137.73
2801 784560 10.83 5622.54
2901 841580 11.5012 6075.68
3001 900600 25.9423 6832.96
3101 961620 13.4476 8234.9
3201 1024640 15.6816 8678.21
3301 1089660 15.5826 9669.52
3401 1156680 17.4157 10500.5
3501 1225700 17.8161 11114.3
3601 1296720 20.1725 12841
3701 1369740 21.7011 13736.2
3801 1444760 22.0859 14349.9
3901 1521780 24.1997 15813.2
4001 1600800 25.7776 17227.1
4101 1681820 26.8326 20055.7
4201 1764840 30.1401 20373.9
4301 1849860 30.9739 22228.3
4401 1936880 36.2705 24161
4501 2025900 37.4014 25965.1
4601 2116920 36.2463 29045.2
4701 2209940 34.2921 28806.9
4801 2304960 41.3774 31948.1
4901 2401980 44.2748 33942.1
5001 2501000 45.7768 36182.7