1 1 0.0013 0.0012
101 10201 0.0289 1.7049
201 40401 0.1042 14.7131
301 90601 0.2205 48.9945
401 160801 0.3553 113.92
501 251001 0.5923 224.648
601 361201 1.1493 394.668
701 491401 1.4112 750.642
801 641601 1.92075 1268.44
901 811801 2.78287 1965.57
1001 1002001 2.54605 2729.26
1101 1212201 3.01178 3531.25
1201 1442401 3.53553 4636.07
1301 1692601 4.19751 6225.33
1401 1962801 4.7608 7479.13
1501 2253001 5.39889 8740.6
1601 2563201 5.97914 11186.7
1701 2893401 7.2874 14018.3
1801 3243601 9.20443 16683.3
1901 3613801 10.1194 19639.7
2001 4004001 9.857 22587.7
2101 4414201 11.0624 25167.5
2201 4844401 13.1898 30726.5
2301 5294601 13.4463 34630.2
2401 5764801 14.6511 39180.9
2501 6255001 18.539 43211.7
2601 6765201 16.6755 48754.9
2701 7295401 20.5158 54494.9
2801 7845601 19.8798 59473.1
2901 8415801 19.6263 63787.1
3001 9006001 22.1572 71241.7
3101 9616201 26.3993 78306.9
3201 10246401 27.3348 88451
3301 10896601 29.2713 96165.5
3401 11566801 32.2838 105718
3501 12257001 30.9665 113951
3601 12967201 32.8056 124195
3701 13697401 35.999 135604
3801 14447601 38.3086 147761
3901 15217801 40.3184 159601
4001 16008001 43.729 173621
4101 16818201 48.1035 188213
4201 17648401 52.0876 201365
4301 18498601 54.6295 217949
4401 19368801 57.5679 230383
4501 20259001 60.5991 253244
4601 21169201 61.9683 271645
4701 22099401 68.8009 292794
4801 23049601 70.721 306264
4901 24019801 89.9102 328639
5001 25010001 75.1414 350339
