101 10100 0.030537 1.7751
201 20100 0.084473 9.98711
301 30100 0.162022 19.6021
401 40100 0.296865 34.068
501 50100 0.376092 48.7168
601 60100 0.564977 65.7207
701 70100 0.753968 90.2934
801 80100 0.872058 123.877
901 90100 1.03768 154.98
1001 100100 1.26225 200.026
1101 110100 1.54714 224.664
1201 120100 1.81768 271.166
1301 130100 2.0879 318.233
1401 140100 2.38244 357.216
1501 150100 2.73694 428.485
1601 160100 3.32332 481.952
1701 170100 3.57057 554.577
1801 180100 4.07876 613.889
1901 190100 4.89104 667.692
2001 200100 5.69244 749.819
2101 210100 5.94705 823.789
2201 220100 6.57118 892.038
2301 230100 7.15085 985.971
2401 240100 8.03249 1038.01
2501 250100 9.15047 1195.48
2601 260100 9.00194 1309.06
2701 270100 9.33753 1423.03
2801 280100 11.351 1523.27
2901 290100 11.4317 1617.81
3001 300100 12.3212 1734.83
3101 310100 13.8999 1825.72
3201 320100 14.8327 1979
3301 330100 17.0029 2222.1
3401 340100 16.6848 2244.95
3501 350100 17.7496 2382
3601 360100 19.5362 2553.9
3701 370100 20.3796 2826.27
3801 380100 23.8543 3108.77
3901 390100 25.5569 3072.27
4001 400100 26.2885 3345.7
4101 410100 26.4848 3607.69
4201 420100 30.2072 3897.29
4301 430100 29.3928 4126.03
4401 440100 33.5916 4293.59
4501 450100 34.1651 4512.39
4601 460100 35.0681 4894.55
4701 470100 37.3566 5331.97
4801 480100 38.7446 5549.45
4901 490100 40.8853 5765.06
5001 500100 45.8863 6147.93
