101 0.03409 0.820834
201 0.12194 3.38519
301 0.277868 7.80585
401 0.502387 13.8285
501 0.791729 21.5281
601 1.16173 31.6631
701 1.63552 42.2641
801 2.06735 54.2377
901 2.89559 66.6301
1001 3.46522 81.712
1101 4.2326 103.687
1201 5.45959 118.521
1301 5.85281 138.817
1401 6.8806 167.89
1501 8.03568 200.645
1601 9.32818 210.075
1701 10.4506 239.704
1801 12.1283 274.788
1901 13.0258 322.561
2001 14.1741 341.466
2101 15.9348 374.199
2201 17.4885 418.127
2301 18.6599 453.752
2401 20.4948 502.384
2501 22.4835 582.192
2601 23.8505 601.207
2701 25.8649 628.469
2801 28.0166 776.197
2901 29.8405 704.475
3001 32.1016 773.397
3101 34.4825 820.111
3201 36.0263 903.026
3301 39.4956 995.014
3401 42.0721 1056.8
3501 44.7799 1107.63
3601 47.049 1275.06
3701 49.6106 1294.37
3801 52.0734 1386.2
3901 54.2097 1654.78
4001 56.9967 1521.65
4101 60.6149 1664.93
4201 63.1081 1815.93
4301 67.0904 1931.39
4401 71.6129 2530.12
4501 72.3067 2112.56
4601 75.671 2214.22
4701 79.8828 2380.1
4801 83.9221 2494.73
4901 89.6496 2656.48
5001 90.8005 2847.15
