1 6.54669 9230.3
2 7.4895 10502.2
3 6.37402 8832.02
4 6.11764 8887.2
5 5.4001 8989.15
6 5.21767 8872.32
7 5.00087 8876.68
8 5.63157 8858.08
9 4.98005 8920.33
10 4.92977 8922.8
11 4.84834 8872.22
12 4.76152 9148.29
13 4.74926 9010.73
14 4.96456 8892.15
15 4.63819 8954.66
16 4.93907 8836.88
17 4.88364 8711.9
18 4.72447 8761.82
19 4.6764 8770.15
20 4.82817 8771.05
21 5.34628 8711.87
22 4.78405 8754.4
23 4.87436 8709.9
24 5.01977 8739.6
25 5.25698 8712.05
26 5.24646 8688.98
27 5.62295 8763.21
28 5.54445 8806.27
29 5.50014 8773.43
30 6.04705 8873.74
31 6.43384 8772.54
32 5.66596 8760.17
33 5.72874 8745.25
34 6.56491 8705.62
35 6.5537 8767.56
36 6.27709 8756.44
37 7.2758 8726.7
38 7.09646 8736.32
39 6.46516 8707.31
40 6.99459 8740.58
41 7.06835 8763.3
42 6.99482 8760.28
43 7.3402 8678.75
44 7.76662 8856.12
45 7.37272 8812.33
46 7.17122 8716.33
47 7.26742 8780.45
48 7.20641 8842.51
49 7.38632 8709.36
50 7.57662 8707.65
51 7.31942 8758.99
52 7.42132 8793.78
53 7.31077 8829.29
54 6.91548 8813.04
55 7.05648 8785.99
56 6.8369 8730
57 7.33558 8745.77
58 6.81966 8662.56
59 7.44473 8778.55
60 6.40773 9083.66
61 5.99952 8815.72
62 5.91354 8676.11
63 6.89816 8758.27
64 6.7758 8670.76
65 5.96403 8818
66 6.36238 8799.7
67 6.83417 8774.1
68 5.85112 8657.96
69 5.95428 8896.22
70 5.94313 8866.13
71 6.30514 8805.75
72 6.44045 8718.15
73 6.06401 8679
74 5.99055 8802.38
75 5.7838 8793.81
76 5.93181 8813.29
77 5.95156 8821.55
78 6.25914 8746.83
79 6.04737 8855.35
80 5.74182 8872.48
81 6.48956 8862.19
82 5.9137 8848.98
83 6.34073 8816.37
84 5.90736 8553.35
85 5.71353 8773.01
86 6.21888 8819.01
87 5.82088 8740.98
88 5.75428 8804.69
89 5.72426 8712.6
90 5.9159 8782.93
91 6.33919 8701.26
92 5.76221 8843.91
93 5.94698 8642.47
94 5.95277 8826.81
95 6.0157 8664.37
96 5.92545 8742.87
97 5.78677 8766.13
98 6.00805 8766.28
99 5.99117 8686.27
100 6.16135 8881.37
101 5.93849 8648.81
102 5.86334 8808.75
103 5.86122 8629.85
104 5.87623 8798.31
105 6.00207 8621.94
106 6.16538 8800.51
107 6.18712 8642.06
108 6.08362 8863.14
109 6.42188 8723.54
110 5.98675 8893.98
111 5.62574 8646.87
112 6.49701 8896.72
113 6.09143 8631.05
114 6.00555 8817.17
115 5.79209 8720.84
116 6.14877 8843.24
117 5.87799 8637.64
118 6.2322 8889.99
119 6.1446 8706.57
120 6.10586 8847.52
121 6.19897 8697.96
122 6.17168 8861.14
123 6.21625 8721.3
124 6.34229 8905.68
125 5.83151 8686.29
126 6.67551 8830.94
127 6.23073 8714.1
128 7.19061 8833.91
129 7.54546 8777.09
130 6.9007 8899.82
131 6.66518 8734.4
132 6.68591 8855.72
133 6.77523 8852.49
134 7.3858 9006.13
135 6.67867 8931.58
136 6.98156 8938.33
137 7.30341 9146.27
138 7.56799 8590.05
139 6.43178 8746.24
140 7.27625 8664.57
141 7.10191 8675.18
142 7.82297 8693.7
143 7.3709 8754.49
144 6.92112 8708.84
145 7.44284 8769.85
146 7.09675 8610.04
147 7.47666 8716.46
148 7.11477 8665.31
149 7.62144 8854.22
150 7.92137 8749.66
151 7.67936 8753.45
152 7.54343 8604.41
153 7.2451 8780.35
154 7.84571 8460.17
155 7.53048 8869.4
156 7.79763 8769.96
157 7.22539 8826.12
158 7.06732 8564.45
159 7.39148 8751.85
160 7.88757 8585.48
161 7.46544 8716.21
162 8.04969 8738.75
163 7.36387 8854.88
164 7.19806 8587.02
165 7.61896 8688.98
166 7.3615 8731.34
167 7.04356 8848.46
168 7.2577 8799.89
169 7.73085 8752.99
170 6.76594 8768.11
171 7.6447 8810.33
172 7.60539 8772.34
173 7.80911 8839.97
174 7.1319 8766.81
175 6.95796 8696.82
176 7.68609 8824.75
177 6.80405 8737.58
178 7.65174 8762.4
179 7.59886 8730.32
180 7.05923 8836.24
181 7.50611 8787.48
182 6.8424 8904.23
183 7.6867 8703.62
184 6.59688 8975.14
185 7.71591 8801.21
186 7.02243 8897.66
187 7.4826 8780.48
188 6.48499 8973.91
189 7.4169 8801.45
190 7.35428 8823.82
191 6.79173 8769.6
192 7.63187 8952.25
193 6.97418 8995.97
194 7.67781 8930.02
195 7.00328 8625.72
196 7.10063 8708.95
197 7.56002 8680.5
198 7.1208 8663.1
199 7.06428 8612.49
200 6.68136 8640.82
