1 0.0007 0.0006
101 0.034199 0.792383
201 0.121097 6.56356
301 0.415991 22.8863
401 0.484389 54.7857
501 0.778584 108.927
601 1.15498 197.627
701 1.63817 350.351
801 2.13344 680.461
901 2.69608 1012.64
1001 3.53528 1331.36
1101 4.11062 1811.56
1201 4.92551 2393.69
1301 6.05458 2938.48
1401 6.60184 3488.27
1501 7.73606 4422.39
1601 8.71866 5303.8
1701 10.1883 6606.65
1801 11.6696 7529.97
1901 12.3776 8949.45
2001 15.9392 10665.2
2101 16.8623 12088.5
2201 17.3027 13971.2
2301 18.1047 15764.1
2401 19.4827 18064.9
2501 22.1948 20773.4
2601 23.7391 22878.7
2701 25.2895 25872.9
2801 27.7158 29062.8
2901 29.3794 31841.9
3001 30.7839 35076.9
3101 34.3422 38914
3201 35.6653 43135.3
3301 40.019 47566.7
3401 41.0525 51475.1
3501 41.21 56334.4
3601 45.5957 61620.5
3701 46.9769 67467.7
3801 52.5829 72855.4
3901 51.9379 78563.5
4001 68.9324 84869.8
