1 7.21305 3098.13
2 6.77464 3001.12
3 5.21786 2923.43
4 5.1248 2965.78
5 4.91641 2936.96
6 4.90669 3131.85
7 4.71222 2906.74
8 4.55556 2912.4
9 4.56252 2972.33
10 4.54125 2938.79
11 4.52352 3028.44
12 4.45728 2917.48
13 4.55965 3103.67
14 4.8209 2921.22
15 4.67536 2950.72
16 4.8094 2891.34
17 4.83109 2944.56
18 5.08315 2968.57
19 4.97386 2931.12
20 5.31678 3126.57
21 5.36936 2940.24
22 6.08732 2928.17
23 6.76361 2895.28
24 7.09097 2975.81
25 6.351 2932.05
26 6.65598 2932.29
27 6.85532 3038.56
28 7.25993 2910.19
29 6.78086 2954.92
30 7.2085 2939.15
31 6.92702 3072.91
32 7.10953 2949.8
33 7.40047 2934.44
34 7.11441 2922.64
35 7.2676 2966.03
36 6.55644 2891.4
37 6.4203 2929.32
38 7.41727 3066.95
39 6.73644 2910.41
40 6.10544 2922.5
41 5.46077 2918.48
42 6.29425 2919.91
43 6.91346 2945.26
44 6.27534 3090.44
45 6.49611 2955.41
46 6.1755 2940.37
47 6.44337 2947.68
48 5.47719 2926.96
49 5.90964 2970.01
50 5.63876 2951.42
51 6.32428 3181.99
52 5.62511 2921.19
53 5.50261 2920.72
54 5.79169 2943.7
55 5.53759 2905.84
56 5.61843 2878.93
57 5.38977 2938.67
58 5.5366 3093.91
59 5.36689 2931.55
60 5.9678 2914.17
61 5.57213 2939.14
62 5.71703 2957.72
63 5.5409 2916.75
64 5.44299 2956.19
65 5.88373 3011.98
66 5.63891 2915.76
67 5.65796 2921.97
68 5.7595 2928.31
69 6.44014 3012.73
70 5.63317 2892.89
71 5.93619 2941.19
72 5.57482 2999.03
73 5.76654 2966.69
74 5.77692 2915.24
75 5.96435 2922.43
76 5.90626 3001.42
77 6.65689 2925.19
78 5.75685 2963.78
79 6.86678 2931.13
80 5.90526 2914.1
81 6.6174 2931.79
82 6.19971 2913.39
83 6.13997 3082.68
84 5.91512 3024.77
85 6.85843 2940.24
86 6.37407 2943.76
87 5.98 2879.08
88 7.24693 2934.04
89 6.74472 2943.1
90 6.01654 3278.66
91 6.31907 3024.78
92 7.05963 2978.78
93 7.09978 2938.48
94 6.87393 2914.24
95 7.15936 2954.15
96 6.25951 2909.47
97 6.79211 3201.27
98 7.32189 2936.4
99 7.15294 2955.98
100 7.28753 2908.26
101 6.76461 2928.17
102 7.76224 2999.67
103 7.21267 2950.67
104 7.83642 3161.91
105 7.07519 2925.09
106 6.7054 2898.74
107 7.41216 2930.35
108 7.13241 2980.66
109 6.88377 2969.11
110 6.8194 3098.19
111 7.06557 2983.85
112 7.16484 2930.33
113 6.78818 2918.73
114 7.36457 2883.31
115 7.22456 2983.51
116 7.42047 2920.25
117 6.67646 3071.2
118 6.43515 2940.87
119 7.13267 2904.63
120 6.84957 2900.14
121 7.14037 2924.64
122 6.95816 2908.72
123 7.0828 2937.38
124 6.61875 3141.75
125 7.39375 2916.46
126 6.90844 2900.79
127 7.4968 2877.51
128 7.26416 2979.45
129 7.37092 2926.19
130 7.95871 2904.9
131 7.11865 3039.04
132 6.88899 2880.38
133 7.18532 2949.12
134 7.19964 2965.42
135 6.39928 3009.16
136 7.2053 3043.78
137 6.43729 3070.61
138 7.46246 2967.02
139 6.60642 2930.92
140 6.34771 2966.21
141 6.87685 2953.02
142 7.18485 3017.85
143 6.38698 3108.47
144 6.48445 2956.28
145 6.55855 2950.44
146 6.66674 2939.02
147 7.19195 3121.16
148 6.46251 2929.71
149 6.92544 3015.15
150 7.87204 2917.63
151 6.51115 2901.65
152 6.39147 2929.76
153 6.63186 2903.07
154 6.38514 2931.49
155 6.49696 2905.94
156 6.72914 3053.44
157 6.53053 2937.48
158 6.5886 2912.88
159 7.24176 2917.49
160 6.60102 2911.61
161 6.61368 2919.77
162 6.52212 2950.08
163 6.62525 3078.55
164 7.01923 2951.44
165 7.12401 2924.81
166 6.4528 2920.01
167 6.57796 2926.56
168 6.37878 2916.39
169 6.94893 2907.45
170 6.52911 3217.31
171 6.84215 2958.44
172 7.01707 2965.2
173 6.65024 2893.32
174 7.02376 2895.38
175 7.25871 2909.07
176 6.91478 3235.41
177 7.79454 2936.16
178 6.50152 2935.51
179 7.1059 2957.81
180 7.5673 2998.06
181 6.80098 2914.11
182 7.06197 2934.5
183 7.19395 3011.97
184 7.62172 2932.9
185 7.30839 2923.65
186 6.94743 2937.6
187 6.92781 3019.77
188 8.29995 2912.96
189 7.17266 2903.29
190 7.40273 3058.22
191 7.55777 2913.76
192 7.3162 2934.41
193 7.146 2934
194 7.19264 3014.61
195 7.53783 2953.72
196 6.95429 2928.6
197 7.33255 2999.73
198 7.47019 2900.24
199 7.74789 3002.9
200 7.08444 2915.21
