101 0.033386 8.43193
201 0.118441 32.372
301 0.277917 77.1954
401 0.534572 149.169
501 0.815981 256.27
601 1.16051 405.519
701 1.62881 571.097
801 2.15111 753.952
901 3.06138 1017.96
1001 3.52268 1283.26
1101 4.06596 1514.1
1201 5.08026 1945.06
1301 5.71555 2141.9
1401 6.64248 2506.21
1501 8.14326 2893.02
1601 8.91266 3233.98
1701 9.90987 3694.25
1801 11.1434 4258.9
1901 12.327 4941.86
2001 14.0268 5192.11
2101 15.2464 5710.23
2201 16.9246 6301.92
2301 19.0958 7011.44
2401 21.5566 7481.46
2501 19.9522 8072.69
2601 26.671 8814.25
2701 26.7792 9563.61
2801 26.8764 10033.9
2901 29.1385 11259.8
3001 32.2779 12166.5
3101 33.8502 12831.5
3201 35.2377 13296.1
3301 37.3302 14596.9
3401 40.4484 15286.5
3501 42.6958 16451.5
3601 45.3073 16964.6
3701 48.7294 18089.6
3801 50.7431 19313.9
3901 53.231 20358
4001 57.1073 21001.3
4101 58.3912 22472.3
4201 62.527 23782.9
4301 67.302 25087
4401 65.7268 26062.5
4501 70.4644 27031.4
4601 72.4739 28099.4
4701 76.7157 29424.4
4801 81.9573 30436.7
4901 84.5188 32312.2
5001 86.5961 33178
