0 98.5684 0.09858
100000 359.714 952.737
200000 360.694 1909.46
300000 363.892 3130.77
400000 361.79 4703.37
500000 362.783 6226.45
600000 361.322 7546.3
700000 346.971 8914.76
800000 362.542 10986.7
900000 353.378 12029.2
1000000 358.089 13608.9
1100000 346.433 14872.8
1200000 357.014 16459.5
1300000 360.621 18167.7
1400000 381.373 19876.8
1500000 354.44 20568.3
1600000 353.985 22269.6
1700000 355.547 23945.1
1800000 358.405 25301.7
1900000 349.724 26633.5
2000000 358.359 27938.6
2100000 351.272 29168.5
2200000 375.485 30412.8
2300000 348.993 32064.2
2400000 358.979 33184.5
2500000 359.012 34760.3
