1 0.0006 0.0006
101 0.032999 0.080998
201 0.114298 0.637786
301 0.267095 2.19685
401 0.50709 5.14719
501 0.789383 10.9475
601 1.18827 18.0992
701 1.609 29.6931
801 2.28336 42.092
901 2.72187 63.6325
1001 3.32828 87.5774
1101 4.33076 117.83
1201 5.03033 141.651
1301 6.55196 252.99
1401 6.99473 235.914
1501 7.77011 288.521
1601 9.32381 355.365
1701 10.3705 452.201
1801 11.6515 669.529
1901 12.4013 597.667
2001 14.4948 731.699
2101 15.1928 867.433
2201 16.9973 1091.91
2301 18.4934 1278.74
2401 20.0826 1498.87
2501 21.8835 1762.63
2601 23.6553 2037.02
2701 24.6111 2297.79
2801 27.6343 2671.81
2901 29.785 2975.22
3001 31.7029 3362.93
3101 33.8436 3991.2
3201 36.3261 4180.52
3301 39.3917 4619.67
3401 40.9662 5082.61
3501 43.2662 5540.08
3601 47.6529 6073.26
3701 47.6719 6677.26
3801 50.2194 7216.87
3901 53.3726 7798.06
4001 55.8728 8477.29
